<?xml version="1.0" encoding="utf-8"?>
<opencv_storage>
   <intrinsic_matrix type_id="opencv-matrix">
      <rows>3</rows>
      <cols>3</cols>
      <dt>d</dt>
      <data>
7.455928023583999675e+03 1.663099781309645948e+02 1.200110022679696613e+03 0.000000000000000000e+00 7.483774160994740669e+03 5.370960220684764863e+02 0.000000000000000000e+00 0.000000000000000000e+00 1.000000000000000000e+00 </data>
   </intrinsic_matrix>
   <distortion type_id="opencv-matrix">
      <rows>1</rows>
      <cols>5</cols>
      <dt>d</dt>
      <data>
-3.868778953894962402e-01 2.630511096952200134e+01 -2.724768757758080050e-03 -2.522850000343333093e-03 -4.775921906956544376e+02 </data>
   </distortion>
</opencv_storage>