<?xml version="1.0" encoding="utf-8"?>
<opencv_storage>
   <intrinsic_matrix type_id="opencv-matrix">
      <rows>3</rows>
      <cols>3</cols>
      <dt>d</dt>
      <data>
4.936492100794874204e+03 4.482787346440770193e+01 7.011009249365223468e+02 0.000000000000000000e+00 4.959734853887563077e+03 6.911974716439037820e+02 0.000000000000000000e+00 0.000000000000000000e+00 1.000000000000000000e+00 </data>
   </intrinsic_matrix>
   <distortion type_id="opencv-matrix">
      <rows>1</rows>
      <cols>5</cols>
      <dt>d</dt>
      <data>
9.540158264846680669e-02 -1.912732811790514686e+00 -8.176110857835615039e-05 -2.867843702531089854e-03 1.884825476082453832e+01 </data>
   </distortion>
</opencv_storage>