<?xml version="1.0"?>
<opencv_storage>
<ncameras>2.</ncameras>
 <!-- resumed -->

<pose_0 type_id="opencv-matrix">
  <rows>4</rows>
  <cols>4</cols>
  <dt>d</dt>
  <data>
    -8.5985979319991057e-01 5.1039636880966011e-01
    1.1691139556110175e-02 -2.3391826285744909e+01
    -4.3340563407281851e-01 -7.4187403448916456e-01
    5.1164682477731449e-01 5.6019926661767432e+00 2.6981603434960111e-01
    4.3487752719206269e-01 8.5911631572865077e-01
    -8.2221407744566261e+02 0. 0. 0. 1.</data></pose_0>
 <!-- resumed -->

<intrinsic_matrix_0 type_id="opencv-matrix">
  <rows>3</rows>
  <cols>3</cols>
  <dt>d</dt>
  <data>
    4.9364921007948742e+03 4.4827873464407702e+01 7.0110092493652235e+02
    0. 4.9597348538875631e+03 6.9119747164390378e+02 0. 0. 1.</data></intrinsic_matrix_0>
 <!-- resumed -->

<distortion_0 type_id="opencv-matrix">
  <rows>1</rows>
  <cols>5</cols>
  <dt>d</dt>
  <data>
    9.5401582648466807e-02 -1.9127328117905147e+00
    -8.1761108578356150e-05 -2.8678437025310899e-03
    1.8848254760824538e+01</data></distortion_0>
 <!-- resumed -->

<pose_1 type_id="opencv-matrix">
  <rows>4</rows>
  <cols>4</cols>
  <dt>d</dt>
  <data>
    3.2261530530841931e-01 -7.7163618529742328e-01
    -5.4817603223818168e-01 5.4266732910883398e+01
    9.1523260483009705e-01 4.0200399836675360e-01
    -2.7240858155694492e-02 -2.4563414508364964e+01
    2.4138898864005973e-01 -4.9292026012001561e-01
    8.3591923851921568e-01 -9.5770955691903600e+02 0. 0. 0. 1.</data></pose_1>
 <!-- resumed -->

<intrinsic_matrix_1 type_id="opencv-matrix">
  <rows>3</rows>
  <cols>3</cols>
  <dt>d</dt>
  <data>
    7.4559280235839997e+03 1.6630997813096459e+02 1.2001100226796966e+03
    0. 7.4837741609947407e+03 5.3709602206847649e+02 0. 0. 1.</data></intrinsic_matrix_1>
 <!-- resumed -->

<distortion_1 type_id="opencv-matrix">
  <rows>1</rows>
  <cols>5</cols>
  <dt>d</dt>
  <data>
    -3.8687789538949624e-01 2.6305110969522001e+01
    -2.7247687577580800e-03 -2.5228500003433331e-03
    -4.7759219069565444e+02</data></distortion_1>
</opencv_storage>
